*********************************
Name:        C. Seeley
Class:       CS30S
Assignment: A1 Q2 
***********************************

There are 1000 numbers in the array

40
84
68
76
0
25
70
59
52
71
67
44
17
51
18
85
53
95
31
1
22
28
67
88
54
99
23
65
86
22
3
64
71
7
15
72
7
99
11
54
69
85
92
16
13
84
20
70
91
7
46
3
4
85
28
36
10
98
91
61
96
53
9
65
21
18
99
77
28
11
65
48
81
68
2
66
71
41
72
27
94
94
77
28
47
58
5
41
36
27
88
65
98
21
60
95
31
97
80
58
80
22
81
65
95
29
22
54
30
14
55
80
44
15
30
90
17
4
25
23
2
40
20
29
91
23
16
44
45
89
79
64
64
84
70
37
10
2
64
70
99
67
96
77
79
66
78
92
98
58
73
34
78
47
57
92
32
31
48
66
79
9
18
14
9
8
93
52
1
37
48
25
52
59
56
78
60
31
18
59
12
5
4
38
73
62
42
74
4
81
49
86
16
68
42
88
59
51
66
38
53
85
82
48
31
95
99
38
71
11
0
45
9
97
43
43
27
68
19
16
63
84
26
37
37
0
32
7
60
29
24
83
86
66
15
33
99
54
44
35
31
72
37
86
32
58
29
25
68
18
47
5
85
88
76
65
94
53
34
66
26
49
3
94
79
37
45
0
29
93
32
52
38
76
70
37
57
71
63
63
11
2
76
10
83
83
95
43
23
85
53
73
8
32
21
45
73
40
93
99
99
48
14
76
94
6
9
34
77
61
12
31
22
10
69
30
15
91
1
42
31
17
86
13
42
90
27
14
41
57
4
29
35
94
98
32
88
42
60
62
95
55
41
15
47
44
78
9
72
61
9
0
48
2
75
38
49
38
59
7
72
74
88
39
41
56
25
76
28
92
93
28
63
26
70
16
78
42
23
36
55
4
69
56
80
95
82
23
12
85
25
30
93
25
51
23
87
34
47
53
77
52
10
4
34
98
46
23
41
51
20
70
94
57
85
97
32
40
34
12
15
31
20
76
27
41
67
73
91
27
87
93
28
23
10
79
99
54
57
54
82
91
13
36
28
24
30
1
51
57
18
17
42
15
33
81
97
11
89
23
96
56
10
4
90
71
92
9
54
7
56
98
71
46
6
33
45
8
20
86
67
38
8
43
58
14
31
89
0
17
2
24
39
17
12
52
20
90
18
44
51
41
55
99
89
29
99
14
45
98
30
81
6
67
55
58
26
27
7
84
72
81
49
33
82
58
19
56
9
99
50
2
7
59
49
44
3
23
72
69
33
42
36
91
61
29
38
45
82
36
65
82
56
25
21
12
75
89
74
96
55
42
54
71
65
90
27
15
20
11
25
45
60
7
92
74
88
38
27
24
87
30
47
39
14
43
20
61
73
77
67
47
16
44
89
90
13
62
24
67
63
67
66
67
83
2
75
23
87
68
41
56
63
72
0
18
20
50
16
27
5
12
50
87
14
87
87
79
51
82
32
27
97
38
59
29
72
11
27
62
85
10
84
48
1
16
58
33
71
82
43
2
74
19
4
14
97
13
40
47
20
95
57
93
18
97
8
55
1
13
60
30
35
56
11
8
10
23
97
82
14
20
80
91
20
30
45
89
7
56
27
37
19
69
64
19
81
70
58
24
10
49
5
9
85
79
84
57
12
32
86
66
47
22
31
57
31
8
20
56
70
70
82
50
92
39
0
70
20
3
91
12
13
27
75
66
95
37
58
10
86
73
49
22
24
82
35
4
28
86
1
56
71
6
68
61
56
66
74
11
73
94
72
52
0
22
30
32
20
60
45
96
24
79
9
88
2
39
70
41
30
48
65
99
54
88
29
82
90
50
21
56
21
61
6
59
94
19
44
25
29
91
73
34
66
57
63
77
41
13
91
51
41
25
20
65
91
41
13
26
22
18
47
26
84
31
31
17
27
9
84
39
99
25
66
44
93
1
46
81
73
48
22
27
46
94
17
20
25
91
16
96
76
55
24
37
97
8
32
3
76
6
36
35
91
21
60
75
84
52
86
52
49
24
11
48
95
87
21
47
5
40
38
29
61
73
45
4
1
29
90
89
92
79
88
81
56
8
7
55
44
13
81
37
46
41
50
27
98
39
7
2
71
75
23
48
76
59
6
97
20
72
35
53
15
67
73
70
16
15
11
18
99
65
80
50
4
96
27
87
55
23
52
92
79
16
3
29
66
70
10
39
50
79
73
29
26
88
63
23
85
55
88
98
95
24
34
70
15
52
50
64
84
6
27
18
57
27
34
73
65
6
57
61
15
17
22
37
19
87
61
15
1
51
22
15
31
1
52
88
