32 98 93 69 13 
26 62 47 36 16 
76 82 18 50 27 
17 99 64 20 43 
69 50 66 4 76 
86 59 26 51 67 
51 92 20 57 32 
40 3 35 30 40 
91 15 40 12 74 
74 93 26 79 89 
76 22 77 92 13 
65 2 86 96 70 
3 26 64 84 11 
73 22 100 64 72 
69 38 49 5 30 
26 18 29 29 90 
42 30 27 35 91 
84 12 50 93 22 
4 80 80 24 34 
73 24 11 36 14 
27 24 58 94 54 
33 83 85 78 10 
89 97 61 90 2 
65 57 67 35 99 
49 15 1 49 43 
28 84 100 91 66 
16 5 97 25 88 
45 78 40 37 65 
49 88 63 51 81 
5 48 77 83 79 
37 56 94 89 91 
84 75 96 3 23 
40 2 41 35 89 
26 4 42 41 49 
86 33 43 3 60 
81 100 64 73 98 
62 1 20 13 64 
90 96 62 1 75 
11 60 51 20 3 
77 8 30 74 57 
55 20 98 38 49 
95 32 33 84 54 
45 94 2 5 50 
47 47 72 98 15 
24 52 44 57 64 
100 27 59 25 3 
49 66 36 58 23 
16 79 51 59 37 
99 28 53 74 18 
15 48 33 23 55 
9 94 69 41 57 
76 55 76 28 40 
45 47 55 37 84 
94 87 50 36 52 
92 52 23 33 60 
57 18 18 54 43 
40 94 79 12 39 
88 12 96 84 43 
34 73 15 51 6 
7 35 5 93 1 
96 11 60 30 90 
49 50 21 55 44 
71 33 62 53 66 
81 31 99 51 17 
43 30 42 33 80 
55 23 70 86 22 
18 40 88 6 15 
84 50 65 96 51 
69 32 56 99 58 
13 65 28 12 20 
19 4 84 67 66 
53 67 87 69 88 
83 65 28 52 56 
50 1 96 70 40 
17 22 3 29 6 
45 18 41 4 26 
15 36 47 67 47 
77 60 13 85 67 
66 20 95 83 37 
49 91 15 70 36 
45 14 81 32 6 
33 10 100 7 86 
20 51 84 43 49 
84 64 45 52 69 
42 83 24 42 87 
51 13 39 54 37 
53 34 53 64 17 
78 5 82 7 98 
54 3 76 14 86 
5 87 58 68 10 
92 24 73 91 56 
2 33 26 54 13 
88 68 3 100 69 
30 95 23 69 81 
79 73 61 96 72 
72 29 10 62 29 
21 49 14 14 50 
23 66 33 86 79 
2 100 42 68 20 
1 25 67 53 57 
41 46 76 100 65 
82 88 61 10 9 
74 1 12 37 57 
81 94 26 9 9 
31 55 68 11 39 
5 4 38 28 99 
51 97 62 1 28 
11 67 80 41 88 
97 4 90 42 1 
70 22 27 65 22 
79 52 90 36 12 
27 92 14 2 21 
24 54 59 38 15 
34 55 2 45 22 
42 86 85 41 52 
93 1 97 39 49 
10 13 26 69 73 
81 19 72 64 89 
63 63 12 9 39 
93 1 5 55 14 
13 41 95 43 71 
94 18 28 2 45 
26 58 94 100 87 
56 22 87 32 61 
88 92 11 5 20 
96 54 26 4 22 
26 10 49 73 37 
98 78 37 21 21 
26 15 43 11 68 
32 2 37 47 12 
91 8 24 8 2 
6 76 86 49 24 
19 12 97 25 15 
93 11 92 91 92 
48 71 91 58 84 
8 1 39 2 52 
74 64 25 42 19 
89 12 38 20 79 
2 80 70 9 16 
13 97 61 93 93 
13 37 81 46 30 
78 51 76 32 90 
28 86 13 74 88 
42 25 28 12 21 
48 71 71 34 22 
91 3 57 1 53 
91 44 25 73 62 
2 44 36 75 28 
22 65 8 50 94 
78 15 78 95 95 
11 79 20 31 56 
1 87 36 73 85 
10 14 70 54 58 
24 28 39 95 32 
29 12 50 44 30 
67 31 53 63 15 
93 59 5 73 52 
91 55 54 44 14 
8 54 79 64 61 
34 77 14 63 14 
89 80 47 23 5 
30 78 79 3 10 
22 32 10 95 74 
13 36 62 26 81 
17 66 54 78 78 
10 76 86 77 98 
15 74 97 14 43 
82 6 65 47 77 
49 14 14 46 47 
41 37 13 32 12 
40 53 11 60 24 
35 94 52 8 87 
39 82 47 95 62 
46 61 85 90 91 
31 10 51 40 62 
57 35 56 84 84 
88 6 5 19 78 
84 17 52 38 79 
64 88 42 5 28 
49 10 39 87 7 
8 78 40 100 12 
16 47 100 82 35 
77 2 44 23 66 
15 21 6 98 37 
68 78 48 31 51 
50 86 72 28 29 
55 65 49 100 82 
97 28 51 71 56 
70 76 92 68 100 
31 74 44 85 98 
40 90 7 21 40 
5 54 63 29 60 
47 53 92 27 21 
58 47 35 67 96 
89 85 96 81 99 
64 69 79 9 63 
49 4 77 83 39 
77 97 17 2 70 
76 66 13 30 74 
36 15 5 69 32 
